10
199
3529 1225
9761 3456
8377 3809
8316 5760
3045 7897
9684 7721
98 9221
6219 4954
9745 6957
5554 318
1041 7118
5256 7893
6386 4346
2660 3728
1782 9785
4662 3300
1076 7628
1426 1406
1475 2399
3770 5562
9174 9239
7396 2515
2267 5628
9724 3365
1991 5434
6175 759
2273 3681
2095 4841
4297 9347
850 962
310 3557
2636 8451
9862 5018
3989 812
1658 2279
8912 3732
7670 6724
3798 9905
6666 9850
2218 5519
4455 1811
4384 9408
4701 5451
1704 6867
7087 3918
900 4343
7154 7941
886 389
1834 811
4187 3570
8328 3463
9355 5456
696 5415
3476 9904
7937 9795
9508 6014
4137 5307
330 1108
1953 7772
2355 1494
3775 7044
1483 3643
5747 974
9054 1362
1148 6399
1891 344
7223 4489
4920 4410
9072 3386
402 4847
8097 1141
4955 3073
6672 9738
3423 1786
2682 7346
4774 2340
3314 2697
6852 8215
8157 9053
5807 6041
3809 9767
8957 2405
9692 6642
6789 797
2736 6962
8191 8982
9674 3604
2453 6876
5909 1347
3710 4826
6982 514
2084 5689
4567 3596
6293 3600
8947 5348
4024 8554
4962 4858
3678 2367
5041 247
3798 7614
7521 5491
8437 406
1682 4843
754 428
8418 7797
3796 4257
8370 9534
8516 5027
8207 4469
6391 5145
1244 7256
8537 9712
5493 8387
7558 174
1494 2937
5541 4645
2679 7863
8291 4107
3061 8282
3388 8387
2333 3933
7620 7685
9394 9824
727 7083
7648 9628
286 2426
2081 960
5343 6809
458 3334
4520 6894
1085 9766
7663 3868
8482 4383
2454 7095
8600 4466
8771 7
255 6935
4285 6949
6636 4473
3831 1630
8937 7542
3295 1319
3746 6668
6286 8701
6604 8829
1889 3828
4106 2821
9369 4249
7590 1619
6058 5552
5118 9038
3152 8468
8300 6621
136 1788
8971 6235
8868 8954
7805 4749
7245 2011
8831 5961
4639 7826
8201 5304
5916 6952
7902 1205
1055 3932
7515 256
209 6937
8329 2925
8755 1465
926 7763
5753 9422
6809 7537
1672 3842
6511 3007
5788 5579
6685 7996
9778 7154
9964 6986
3246 425
1914 8117
2817 9656
9426 1865
8396 9243
1007 2495
9276 6939
6023 4847
8465 9318
1790 3635
7070 7418
141 8741
999 2280
2317 9190
5856 7251
9235 4755
3261 8421
2079 684
3144 4118
6663 1476
6047 6242
4253 2604
193
6874 5065
1707 6383
4414 344
9781 2044
5554 6974
1529 5462
7799 5333
8580 4674
6897 6437
7828 6637
2760 7384
579 9795
1292 8346
9732 409
3576 2628
7429 1973
189 1390
4186 5351
303 8040
3872 6386
8736 6692
1319 8548
5421 728
9813 927
5992 2720
8025 3439
978 9445
5600 1789
9183 2809
6195 6895
6875 1105
3257 7396
6386 3737
4223 3702
187 4314
7052 9734
5973 4688
1863 8425
5966 7789
2801 7152
7236 4783
6783 73
7546 1456
994 3147
5854 3671
7420 8953
2571 6045
5152 6548
1267 789
7040 132
2691 2438
5278 6915
3314 4012
2869 6953
1586 5378
450 6117
7860 3337
8627 5192
8344 6590
8220 5886
2307 4930
5409 6917
7202 8190
7727 6977
7558 5069
7845 284
505 3795
4578 492
9141 7367
7726 8096
4789 441
6524 9063
4672 7082
7761 6808
7446 8573
5691 7604
8029 5662
9100 2309
9309 6979
6755 120
2246 6492
2185 3998
5634 5622
7728 1602
7471 6659
610 244
8458 2644
1491 4677
7107 3198
8940 820
4818 9252
4943 5319
699 166
625 6094
9925 555
4735 2727
5619 1695
1073 5754
5787 8011
1243 8188
3340 5701
3628 44
202 2750
8185 5394
2015 7014
6643 9723
1023 1256
9860 5218
9895 1222
6167 8700
5404 5264
1016 9546
6054 8438
9673 7331
3143 4190
3700 5956
6395 2682
8916 8588
9173 1890
3091 7395
6192 8064
2482 1862
4930 1738
6186 2676
9144 1264
9965 8765
5633 8681
6614 640
5497 8560
3047 279
5342 9753
3818 737
4734 8335
8073 6491
1069 5389
7741 1015
5624 4307
3681 142
5195 2456
2147 6426
6324 7041
3167 3660
3006 3659
3108 811
9350 6449
5249 3404
7864 6347
3268 4785
4404 6661
48 9554
5878 6667
2690 4438
6528 8437
4006 2293
385 6170
4990 8574
4614 2851
7504 849
7419 5283
4629 3888
8299 6992
7829 3493
3336 9433
5706 9822
2712 100
8463 5021
9663 4044
9774 8914
3645 7574
1849 6708
6670 569
2043 6402
3609 6117
9485 9087
9782 115
6303 7985
6170 4191
9431 9376
1352 8221
8507 7662
9826 6401
6950 5503
6786 4877
3718 5116
8285 5222
9801 912
4770 2080
3253 1857
6648 4174
5439 1893
6860 1698
9872 4566
9119 7756
194
6197 7141
8811 3871
9501 7792
3842 1239
5114 2653
5495 6435
6117 1484
6087 5079
4049 2167
750 5337
8440 331
9779 6926
8461 8851
3786 1780
89 7971
9184 7942
6213 7265
1405 5412
7985 8391
8731 1182
9329 7808
7712 9717
5646 6466
7983 645
3170 4435
2845 7414
6821 4682
4505 3550
2378 6670
1137 6795
5618 7642
5002 7950
153 5260
2358 6865
6414 843
534 1735
5630 7058
639 4794
8891 4210
714 4189
5013 1865
1380 7698
2817 1877
576 6667
2053 4172
8109 8746
2456 7629
1315 9021
2083 277
7444 9506
5015 1332
9509 8970
7220 1066
5638 4157
4316 4719
8432 7571
9799 6707
1614 7086
8794 9584
3705 6593
1841 6963
2278 5976
154 9809
2122 5394
5434 6392
4430 2695
3006 5777
4577 3836
2767 3732
8307 2847
8756 3947
8925 3585
8116 3683
8693 2584
7001 1507
6077 18
6659 8073
4911 4286
9229 2477
9367 8758
2472 1163
8887 8574
9912 6256
967 4418
3486 1696
8270 4648
7805 1293
5095 3762
1024 2788
4113 1587
8830 1857
4718 4633
7748 7977
2571 1653
9410 7223
3135 1209
6183 3943
3480 8020
9145 7750
6192 6941
7326 6183
4447 1301
6167 8406
2670 27
1599 8712
567 5609
6232 5144
351 4230
5729 6837
6452 2178
624 5209
6532 2367
9794 277
8640 1715
9012 4579
7751 5699
7025 564
7789 8857
549 4302
7913 1383
1503 2395
6257 5440
8369 7090
9398 3816
1663 778
2341 6784
6939 8587
5112 187
2307 5511
6527 1830
5478 9529
4236 6514
1059 5225
5855 9337
5661 6894
3322 7925
7713 9044
7368 7536
5092 2222
9652 6852
449 3163
4595 824
8763 2528
2409 5809
6436 335
8961 3714
6926 8287
2412 9007
2520 6217
2438 2521
3197 8693
620 5699
6069 8623
1811 7111
8557 194
934 4171
1187 6132
8617 5315
1548 9135
662 1582
8649 9196
7082 2571
4359 6666
4937 8961
7058 5073
7518 4318
5313 1318
3121 5601
4538 7721
6033 5232
2872 345
2266 1669
2014 427
5879 1711
3760 5127
245 7163
8399 1238
3802 3468
2416 843
4300 1977
9327 415
3518 4586
4541 291
83 6293
2907 5027
8557 8435
3702 7165
1285 6787
8150 2949
4858 3495
5700 1
6175 5504
4900 938
742 4965
197
7308 3673
6964 2291
414 4226
2218 5079
7108 5652
4661 1934
8548 8831
5465 6755
6880 9559
174 8085
1173 9713
7974 4626
8525 1951
548 4845
2892 6611
3850 4593
7101 8222
5612 7758
2447 7443
1465 5306
9178 7394
1162 5897
4939 6230
8709 3724
8835 1209
7250 3831
5352 3074
792 7437
6008 2661
2791 8568
5572 3051
8431 6248
5107 3634
6986 1366
2982 8659
3301 1820
6971 5304
7726 6520
7523 4720
6987 7832
1873 2679
2718 981
6020 9300
988 5833
1024 1812
4046 7412
7538 3121
3104 7427
6426 9229
2116 2850
9179 3648
7758 4998
2148 4551
2690 5651
5831 6337
5274 4915
439 2690
3781 8831
3640 7564
4058 5927
2236 7426
3571 2558
2658 4100
1040 4071
5835 2461
2750 3223
8862 4174
4725 1276
4122 9859
2267 9891
342 8820
4476 4210
7012 3439
1577 2936
23 3055
8913 344
3566 2691
2540 8550
1350 3872
9650 1846
3830 6524
2682 4377
1002 5775
7930 726
9007 6631
170 9417
2306 3992
2813 8301
2591 8491
8419 2057
5422 3478
161 7839
1764 4235
922 1409
5405 173
9546 257
7903 3088
4463 4059
1653 9874
9798 5575
929 7086
1535 702
7451 310
3893 4730
3816 7554
5455 2421
7372 9744
3364 5787
9737 2620
2123 6325
1237 5720
4881 6302
9503 2439
1761 435
7276 4181
2849 2140
7227 5256
6121 3726
4502 9573
2245 354
6074 5220
9312 8439
8046 487
9832 9145
6203 6699
23 9330
9593 12
638 3215
1069 3559
3023 1308
5614 421
8742 5434
6536 4638
8521 6644
1557 2792
4584 4392
3513 2458
7559 7204
8847 5952
2929 5437
7575 4090
50 9788
5467 1170
9724 33
4674 281
7982 2027
835 9165
2632 1627
4507 1926
8471 5697
6005 5130
1784 4092
2092 7411
5952 7816
6599 8967
9219 3582
725 1478
3239 1582
9764 5543
1369 9916
3426 1746
2219 7200
2392 4656
7904 9124
7166 25
1438 1759
3787 8292
235 7247
3230 8138
3850 5310
9248 6670
6730 2158
1004 3816
1988 7041
2576 3839
9845 338
8894 9251
3903 9305
5826 9938
5432 6983
3289 6418
2894 5940
456 2093
4669 1900
4804 6976
1084 9402
9086 5772
6889 9112
6226 4906
7074 502
6999 1725
105 8799
3606 8832
1215 641
4395 3140
8857 7461
3385 6856
196
919 8577
4829 8726
3108 6591
6369 9061
7154 9825
1150 8500
2909 4273
2082 3697
7316 9908
324 9365
5400 7863
159 5017
7912 2529
6668 4159
5747 4628
6850 5575
2196 1915
5275 4981
6518 3911
6878 5043
8138 5901
2656 2899
2889 6495
4785 6120
3410 4325
3377 3910
9836 7492
2194 1085
5400 7449
6167 2065
4959 3488
5895 5241
4513 564
8575 7962
3008 9303
5793 4481
9197 3410
6202 579
3107 8206
9204 8506
3020 2078
4586 4984
3731 6137
3623 6499
936 6468
7723 5881
5874 1069
7221 9606
9401 876
9466 5688
4804 8331
5485 1141
2376 8658
5486 5038
3429 6162
8518 7070
1318 2972
169 1900
6015 1834
420 2529
6325 8519
7427 7177
8613 5912
658 9165
5535 2041
2266 6577
4173 3642
6566 2408
8428 4652
8857 7316
8171 1950
3793 9968
9388 8817
6691 7373
5018 381
628 189
7504 8673
3358 7514
8637 4735
9465 2909
7332 874
1408 2350
9451 8212
6357 8040
5497 3984
5523 7566
296 2650
267 9618
392 9126
3701 5682
7861 2084
2256 204
6719 5033
8203 9878
4431 639
9841 6037
4775 626
270 1536
5480 3091
9135 1745
3737 9981
2345 5041
8630 721
5583 6632
6077 246
7877 3897
3182 8831
1757 3724
715 77
8209 2493
1298 1101
585 7050
9941 1431
1854 9144
7855 1979
4703 5167
9203 9759
8898 1100
462 682
2060 2800
188 7005
884 5187
6164 9590
5494 9964
7444 5641
9936 8721
5061 3909
1228 5834
5769 7246
3598 2056
542 5581
6393 4194
6477 4981
5389 7129
7876 9023
7933 5349
7360 5576
6094 7516
3485 3354
5128 2217
6985 228
6705 2951
6108 3539
3890 4368
2339 7102
2020 2713
9291 8079
1593 8345
7667 6304
4028 3688
7770 8444
5168 74
2362 5810
96 5893
148 2963
6171 4194
5008 8049
7342 6681
5824 5369
4386 2641
1920 2380
7726 3031
2807 6898
3446 6409
3335 6797
8958 6801
4606 5772
767 6991
8376 5329
7840 4500
3063 2064
7089 5248
1796 1602
8123 4528
3204 7684
9688 1044
5129 8255
5108 9428
5461 9944
9958 588
8842 3820
9946 4673
2318 8234
8629 6786
6018 6113
3989 7303
4943 8256
200 9909
1561 8320
3821 6087
3184 1685
3844 6920
4140 3428
9948 5949
1245 8668
7618 3218
192
7701 8719
7448 3669
5424 9046
727 6468
5177 8966
9798 6898
1457 8628
7922 4866
8096 4749
1552 2462
8653 1519
275 1265
1023 4135
8284 2744
2342 9020
3201 2252
4386 738
3113 4374
9769 4122
7777 3454
1845 7391
7419 3438
1781 4325
3691 6295
2923 5244
5327 9181
502 3177
5054 7307
3242 4667
3537 7000
4980 1245
8862 9635
2308 8984
3945 5499
3036 3452
7994 4449
5267 1954
5461 1137
9199 7753
3848 790
3726 2477
801 6848
394 3140
7253 6445
1255 210
5612 5961
1757 7091
5284 2877
9351 3596
7628 3126
7715 29
7823 2913
2408 1555
8926 4850
9681 4511
8317 1527
7944 5646
7420 4375
7289 2034
9577 4902
905 9427
6935 2769
3640 9911
2544 4520
1760 7526
8963 2241
3481 5907
9392 9606
7130 5653
6667 4663
7567 5118
2189 6196
6026 5967
8688 8414
8075 7510
2218 7114
4704 5139
5825 5077
825 2139
8616 4794
6074 5857
7746 5837
14 2358
1700 9174
8159 3195
9869 9286
3536 5052
4586 5297
8907 8124
454 8933
1002 9839
4247 3875
1060 8744
715 3285
5887 8018
3131 6067
1789 5917
9644 556
7416 654
1097 521
9835 5304
3203 1768
9592 9624
8216 6954
5407 7919
4727 7175
678 7192
9579 1336
4836 1398
1435 7727
1893 7280
3348 2349
1768 5463
3484 1991
5952 6130
182 8855
4682 2436
5347 4334
4780 8600
8615 8826
4411 9515
9690 5797
4349 3339
3733 5761
1743 3957
5336 2063
7511 4776
6515 4819
9014 2821
2206 7769
5343 8957
2213 4131
921 9362
9516 7424
9170 3150
6259 7410
8220 5945
8097 9356
7011 6727
1288 6247
6661 9487
897 4904
8815 2803
4719 5592
1784 1323
5910 5338
6671 9923
7942 9899
4695 2163
5507 256
6050 4323
5642 8081
5733 5480
5663 8229
7764 4577
4333 3503
1020 4819
5632 530
2805 5424
8089 2143
1865 8713
4415 846
976 8276
4299 2613
9436 6534
5224 5040
4914 2420
3281 8457
8173 3128
9382 7422
1166 362
582 4412
5341 2881
9528 1724
1748 3256
3550 9430
5376 8705
7960 9362
1036 8600
1289 5441
3035 914
8275 6880
309 2042
4590 5858
8718 2456
4065 7318
7842 5170
4781 4287
3249 6721
4277 6871
4758 5335
7673 3704
197
4207 3125
1645 7106
3801 5719
4421 2833
6950 9272
47 4531
2785 2199
5189 4412
5075 8580
7882 4225
3918 5815
2690 3496
1361 1026
6815 9787
7482 293
4536 529
1920 9802
841 1732
2124 3943
3541 6914
4260 851
337 6093
2466 7478
6510 5797
699 9999
326 3020
6024 1733
7307 8171
3226 1219
8672 7646
7531 5304
5328 8794
4400 8498
9371 3278
1815 3061
9161 6606
9544 453
2839 908
4854 5648
7123 5173
827 6710
6714 7922
8009 6385
745 9217
4220 6383
2399 8967
5999 6229
1854 7090
1242 8880
1805 3097
5272 4153
6136 6195
8559 455
6209 9470
5896 7324
7762 7724
4998 8150
2643 3877
3362 6912
5943 9608
4812 2600
5087 6247
3028 7870
270 1681
2440 3595
7926 3227
8346 8330
7918 7795
4937 2293
8574 2849
1414 3208
2226 3458
8562 3154
1578 3682
8385 4681
4887 7624
2557 9584
569 3727
3876 254
4662 3343
3651 5902
9318 3050
4965 7130
333 5536
1921 8050
9475 5545
6123 7731
4703 5387
8017 5974
9518 3207
5484 4032
2127 1692
4683 2310
7768 7548
9316 5117
7569 1523
2119 2868
920 2827
5402 1393
6176 922
3085 384
3478 4837
4380 3487
1445 3055
4778 4227
3380 7630
8120 7958
7168 7880
6002 3902
3905 4041
8258 5424
7045 3992
9039 2095
7094 2974
6599 8674
7983 6515
3267 5624
5192 3442
5259 7384
6025 3223
9099 8188
7399 8016
2523 9278
5066 9076
6799 5271
9586 5302
5972 8888
878 6354
9192 6742
7081 6166
2503 6797
6300 2651
1463 86
1190 2099
3680 6929
3533 2697
8213 3613
5907 4097
4696 7120
3094 4622
6010 3880
647 2211
9443 8008
6173 8524
4016 2216
8418 2450
5888 8536
3174 4814
5832 5593
6641 6328
5692 7982
7584 3722
105 6078
7998 3320
4996 9416
8861 6374
2501 7151
4302 9036
4076 9763
807 3150
1651 548
4253 9757
7757 305
1832 325
8766 8694
4683 3512
3252 1620
1894 6578
3758 8946
980 3931
8238 8680
9334 7897
6021 2006
7160 6127
7601 2924
1554 1924
5074 3651
1129 6798
3930 1091
8309 6973
739 3356
8707 2084
7635 6555
2045 1931
9254 3228
6101 6694
9043 3950
798 9001
9235 8186
9317 1819
8719 99
2247 8864
5359 5683
4261 9708
4178 2820
8381 3939
5048 4309
197
9172 8605
1393 6420
5775 565
2975 8104
3828 9065
9780 7028
3053 2207
9659 4735
1214 8457
5055 3829
574 4353
7079 2790
5478 9393
2489 9087
6149 6302
3655 9711
5495 5820
7706 3665
6210 1946
148 6742
4225 2977
2083 8186
5293 9195
1134 5334
4628 3603
422 93
3230 7399
1405 3862
3427 3826
6659 5053
3584 4777
3258 8118
4699 1592
8539 1565
2159 9677
7190 2162
2182 6678
5649 9848
2443 9548
9602 376
2277 8619
4669 2525
4019 9584
5029 2991
6692 9709
9015 1839
5435 1766
8577 6898
2240 293
7320 7247
9457 9984
3741 1890
4456 518
4163 9953
4319 9022
7904 6258
9118 6372
203 3699
2358 6416
1990 2160
2773 2114
250 4715
867 8216
4842 4415
192 1257
9984 7352
2283 7680
226 962
4568 1106
4121 3270
466 7073
7442 8428
9843 7692
9582 7682
5456 4805
3123 4155
6920 9730
8260 1491
1739 9039
9659 6172
6942 7294
8811 7052
8512 744
1606 8880
3854 2485
1346 5197
5922 6077
1378 4202
9831 1072
7447 2170
9539 2660
1128 6513
2361 9037
6755 6471
5196 834
6190 5763
4147 3927
5480 3684
5863 3805
7417 9692
831 9993
4637 4495
813 4573
2882 1129
3708 8089
7401 8558
2508 7808
4615 5750
4160 7922
4855 5756
4390 9492
6549 5091
4206 5591
2449 2036
5753 7985
4709 6582
9335 6921
8030 253
194 6325
4901 3149
683 6945
9361 2170
7720 6538
9137 3337
1289 5251
9969 7852
9770 1733
8750 8669
2737 1309
710 6113
3949 9240
2341 7376
7216 6194
5005 9990
8224 7500
7660 1456
9947 9930
7586 372
3535 4018
6006 1009
8974 4329
4466 3619
3853 8398
4909 455
5289 9852
6284 4486
7080 5362
7047 3485
2468 868
8553 4480
6590 8725
669 4768
7449 4805
6892 161
7958 7089
7605 9725
1209 6336
9613 6747
878 989
475 4748
5896 3127
5436 8085
5511 4992
6214 5143
485 5698
1608 7731
5227 8224
4740 347
7715 5078
2293 7373
374 4941
6112 4556
4674 5568
164 2524
949 2883
6270 743
4789 1765
9811 3265
5136 8275
1409 2920
5973 4445
9746 4092
6220 1397
4019 5378
9383 8066
2832 9463
9098 737
1249 1698
1301 4942
9014 9818
8550 3806
3794 5129
7910 8950
1164 6177
7629 7815
2919 5707
6671 3624
196
3727 3247
3710 7607
8314 2342
5023 5034
1163 1227
8680 6258
7436 1036
7484 8837
6397 8801
4180 5380
3322 2797
5780 3982
4046 5760
2273 6843
3055 3117
6905 8076
1703 230
1386 9513
5317 2643
4858 1586
1897 5830
2219 1152
807 7095
7055 3898
4042 9940
7273 6402
6211 896
834 5904
5864 9969
3455 2533
6507 9318
7389 5280
2845 9270
3221 6802
1592 1972
8387 945
4732 2394
7240 301
6549 7251
1171 7111
6115 2828
8868 349
719 880
6030 2743
5049 1222
733 8464
4232 4953
8331 8500
1629 1685
501 1784
6075 4773
798 5573
5206 134
952 3695
4749 9417
7152 5482
7633 7342
7203 7542
7341 9091
1187 8321
9415 1452
7324 7540
4384 5892
7751 3951
8054 3155
7095 7054
5657 620
4289 827
1488 5041
3444 1183
8567 3528
2365 8808
8182 6042
5894 27
2005 2760
8637 5517
3193 676
129 6291
9469 7861
1635 8378
4162 8027
6576 4375
3864 4137
1938 8364
6292 6718
8179 2849
2952 4417
3836 8294
2239 7995
1782 8051
9829 1901
3559 2337
357 6086
5852 3101
3204 8659
2545 3611
2151 2526
5742 5935
2724 423
3873 4738
3598 6980
3305 5705
5226 4628
9316 8979
1964 2912
4514 3309
4266 2602
5359 8469
5437 9464
2395 4065
7160 4794
6994 1911
6803 6491
9887 6572
3172 5937
1526 8132
1011 5507
495 1176
7827 7120
4064 9276
5784 155
7408 2621
3179 2211
3494 9723
4599 3441
136 2946
2120 3502
5956 3850
6653 8198
3593 2486
2797 7809
4702 6834
7139 2820
2677 2708
7955 4700
2573 7767
3078 8002
4949 6887
3597 6335
4546 2120
9247 927
7068 3906
5228 4704
2791 2589
9410 4913
5739 3354
9607 4493
6365 6038
2126 9777
2473 8607
6312 8526
3702 8780
6342 9247
8011 5851
6004 3077
3140 8832
8083 9095
8534 5096
1919 1328
7421 8266
5732 6037
809 2197
2006 1155
2346 5563
6510 6773
1854 8423
490 8284
584 2541
5614 8565
6219 8060
3015 1288
2823 4339
926 5877
7452 9366
3141 3549
6978 7669
1763 3713
995 4245
5303 4652
3577 9989
8379 2839
4759 5077
4481 2464
6842 3583
2239 613
6162 8243
118 5768
3591 8928
2546 704
6918 2208
2105 318
6783 4361
6845 689
1216 1368
6095 4527
7198 2762
195
109 6204
3555 786
3806 9386
931 9916
2412 6648
5638 6538
8484 4308
8751 2260
6564 9603
6404 3759
7135 232
6584 7320
7079 3342
8646 1801
8234 3479
7899 9926
5433 9581
1535 7786
1005 5342
9225 1447
5955 9666
6677 4931
811 1723
2498 9390
3544 5105
7005 4752
4559 1126
4704 4908
3901 4965
1268 7835
7608 1876
7740 4833
2829 7649
6710 1315
2999 8706
1459 2937
7071 8895
4256 296
3633 6039
9580 2254
389 4109
7287 6720
5066 9751
599 2096
6277 2430
4981 1542
6241 5087
5600 4730
6803 9053
6236 2039
8446 6301
6739 6282
3346 8637
4317 3481
6602 762
3319 2268
338 2996
2018 6391
1465 5413
5839 4231
6995 9396
1831 1446
6608 7460
6998 8929
3248 427
6649 7098
5551 9744
340 2102
7061 9176
5463 7827
9618 5101
7191 9404
9243 6582
4137 7116
9307 7933
5559 711
7960 951
7277 2234
2846 8025
5575 3886
2207 7293
8420 3320
1394 4980
1388 3972
3449 2175
3485 6563
942 7438
7559 5568
6315 9109
5395 5851
3332 3352
9787 1733
6973 999
6097 1862
1391 9286
1321 4143
6117 555
5495 8410
7239 2745
6932 6768
5779 2544
4354 6421
6758 7972
8284 3964
7680 1249
5470 772
3148 1175
6325 2448
1974 2422
5047 6325
3106 1421
8056 3
830 9464
7322 2031
7921 3445
9830 4687
1924 2732
4404 2178
2546 8056
3585 7152
2367 3085
7461 4355
7642 9835
3341 8707
3639 9321
5106 1854
1124 3948
6307 6574
8435 1107
6801 331
1206 5639
508 2737
3483 5033
2228 1525
1441 1630
419 8011
4005 287
6027 5988
6940 3123
4967 1032
3743 8930
8970 9160
2184 9555
8591 1083
5848 1403
6501 6704
5703 7954
6484 258
9686 4938
606 2441
9764 4671
6006 7104
6792 8461
3248 1767
6027 6906
7740 1794
8071 527
5041 5359
9559 8014
1078 6104
4386 9671
4433 4471
4738 507
2813 4081
8362 7516
6749 9185
1209 5732
217 6981
8170 2920
2478 1041
1246 2137
6126 5564
6639 7324
9806 2818
8307 7127
906 5491
8957 2787
9387 2442
931 9953
5452 1628
5949 7598
5682 7152
1230 4642
4946 7846
2173 3742
6112 3223
4303 153
7254 8834
7106 8822
9962 3240
8628 2608
2153 883
7284 125
4594 8806
4021 4708
